{
 "cells": [
  {
   "cell_type": "code",
   "execution_count": 10,
   "metadata": {
    "collapsed": true
   },
   "outputs": [],
   "source": [
    "import scipy.io, scipy.stats\n",
    "import matplotlib.pyplot as plt\n",
    "import numpy as np\n",
    "import pandas as pd\n",
    "import re\n",
    "from nltk.tag import pos_tag\n",
    "import nltk"
   ]
  },
  {
   "cell_type": "code",
   "execution_count": null,
   "metadata": {
    "collapsed": true
   },
   "outputs": [],
   "source": []
  },
  {
   "cell_type": "code",
   "execution_count": null,
   "metadata": {
    "collapsed": true
   },
   "outputs": [],
   "source": []
  },
  {
   "cell_type": "code",
   "execution_count": 4,
   "metadata": {},
   "outputs": [
    {
     "name": "stdout",
     "output_type": "stream",
     "text": [
      "(300, 20)\n"
     ]
    }
   ],
   "source": [
    "import time\n",
    "\n",
    "def gen_clusters(mus):\n",
    "    STD_DEV = .5\n",
    "    clusters = np.zeros((NUM_CLUSTERS*VECS_PER_CLUSTER, NUM_VARIABLES))\n",
    "    for x in range(NUM_CLUSTERS):\n",
    "        for i in range(VECS_PER_CLUSTER):\n",
    "            #print(mus[:,x].shape, np.random.randn(NUM_VARIABLES).shape)\n",
    "            sample = mus[:,x] + np.random.randn(NUM_VARIABLES)*STD_DEV\n",
    "            clusters[x*VECS_PER_CLUSTER + i] = sample\n",
    "    return clusters\n",
    "    \n",
    "def gen_mus():\n",
    "    mus = np.random.rand(NUM_VARIABLES, NUM_CLUSTERS)*10\n",
    "    return mus\n",
    "\n",
    "NUM_CLUSTERS = 2\n",
    "VECS_PER_CLUSTER = 10\n",
    "NUM_VARIABLES = 300\n",
    "NUM_ITER = 37\n",
    "\n",
    "#Generates fake \"word embedding vectors\" \n",
    "mus = gen_mus()\n",
    "clusters = gen_clusters(mus)\n",
    "clusters = clusters.T\n",
    "print(clusters.shape)\n",
    "\n",
    "verse_vecs = clusters #verse_vecs has dimension NUM_VARIABLES x NUM_SAMPLES\n",
    "num_data_pts = len(verse_vecs[0])\n",
    "\n",
    "mu_vector = np.mean(verse_vecs, axis=1) #Take the mean across columns\n",
    "covariance = np.cov(verse_vecs) #Gaussian covariance matrix for data\n",
    "\n",
    "verse_vecs = verse_vecs - mu_vector.reshape(NUM_VARIABLES,1) #Center the mean of data at zero"
   ]
  },
  {
   "cell_type": "code",
   "execution_count": null,
   "metadata": {
    "collapsed": true
   },
   "outputs": [],
   "source": []
  },
  {
   "cell_type": "code",
   "execution_count": 9,
   "metadata": {
    "scrolled": true
   },
   "outputs": [
    {
     "name": "stdout",
     "output_type": "stream",
     "text": [
      "[[ 4.38448452 -3.73462421  0.39686416 -1.12864549  2.26404936]\n",
      " [-3.73462421  3.34310303 -0.4120904   1.00262104 -2.06994404]\n",
      " [ 0.39686416 -0.4120904   0.32363357 -0.01135719  0.1928111 ]\n",
      " [-1.12864549  1.00262104 -0.01135719  0.58392992 -0.63762038]\n",
      " [ 2.26404936 -2.06994404  0.1928111  -0.63762038  1.52228913]]\n",
      "[[ 3.60653283 -2.85345868 -0.35070512 -1.98963368  1.10191433]\n",
      " [-2.85345868  2.40101355  0.23542126  1.66233754 -0.9983079 ]\n",
      " [-0.35070512  0.23542126  0.31109275  0.27813005 -0.05630507]\n",
      " [-1.98963368  1.66233754  0.27813005  1.39788378 -0.55199622]\n",
      " [ 1.10191433 -0.9983079  -0.05630507 -0.55199622  0.85018364]]\n",
      "1\n",
      "[[ 2.051987   -1.60476276 -0.03032734 -0.8403742   1.0070151 ]\n",
      " [-1.60476276  1.39812105 -0.02191371  0.73940698 -0.92202978]\n",
      " [-0.03032734 -0.02191371  0.24517945  0.04125609 -0.03713715]\n",
      " [-0.8403742   0.73940698  0.04125609  0.54813032 -0.48210615]\n",
      " [ 1.0070151  -0.92202978 -0.03713715 -0.48210615  0.84465965]]\n",
      "[[ 2.05200379 -1.60481385 -0.03031866 -0.84035005  1.0070836 ]\n",
      " [-1.60481385  1.39817272 -0.0218901   0.73940145 -0.92209618]\n",
      " [-0.03031866 -0.0218901   0.24514964  0.04126567 -0.03714119]\n",
      " [-0.84035005  0.73940145  0.04126567  0.5481416  -0.48210942]\n",
      " [ 1.0070836  -0.92209618 -0.03714119 -0.48210942  0.84471699]]\n",
      "[[ 2.05199396 -1.60478554 -0.03032335 -0.84036283  1.00704626]\n",
      " [-1.60478554  1.3981442  -0.0219029   0.73940418 -0.92206001]\n",
      " [-0.03032335 -0.0219029   0.2451658   0.04126048 -0.037139  ]\n",
      " [-0.84036283  0.73940418  0.04126048  0.54813536 -0.48210755]\n",
      " [ 1.00704626 -0.92206001 -0.037139   -0.48210755  0.84468585]]\n",
      "[[ 2.05199406 -1.60478586 -0.0303233  -0.84036268  1.00704667]\n",
      " [-1.60478586  1.39814451 -0.02190276  0.73940415 -0.92206041]\n",
      " [-0.0303233  -0.02190276  0.24516561  0.04126054 -0.03713902]\n",
      " [-0.84036268  0.73940415  0.04126054  0.54813543 -0.48210757]\n",
      " [ 1.00704667 -0.92206041 -0.03713902 -0.48210757  0.8446862 ]]\n",
      "[[ 2.05199401 -1.60478569 -0.03032333 -0.84036276  1.00704645]\n",
      " [-1.60478569  1.39814434 -0.02190284  0.73940417 -0.92206019]\n",
      " [-0.03032333 -0.02190284  0.24516571  0.0412605  -0.03713901]\n",
      " [-0.84036276  0.73940417  0.0412605   0.54813539 -0.48210756]\n",
      " [ 1.00704645 -0.92206019 -0.03713901 -0.48210756  0.84468601]]\n",
      "[[ 2.05199401 -1.60478569 -0.03032333 -0.84036275  1.00704645]\n",
      " [-1.60478569  1.39814434 -0.02190284  0.73940417 -0.92206019]\n",
      " [-0.03032333 -0.02190284  0.24516571  0.0412605  -0.03713901]\n",
      " [-0.84036275  0.73940417  0.0412605   0.54813539 -0.48210756]\n",
      " [ 1.00704645 -0.92206019 -0.03713901 -0.48210756  0.84468601]]\n",
      "[[ 2.05199401 -1.60478569 -0.03032333 -0.84036276  1.00704645]\n",
      " [-1.60478569  1.39814434 -0.02190284  0.73940417 -0.92206019]\n",
      " [-0.03032333 -0.02190284  0.24516571  0.0412605  -0.03713901]\n",
      " [-0.84036276  0.73940417  0.0412605   0.54813539 -0.48210756]\n",
      " [ 1.00704645 -0.92206019 -0.03713901 -0.48210756  0.84468601]]\n",
      "[[ 2.05199401 -1.60478569 -0.03032333 -0.84036276  1.00704645]\n",
      " [-1.60478569  1.39814434 -0.02190284  0.73940417 -0.92206019]\n",
      " [-0.03032333 -0.02190284  0.24516571  0.0412605  -0.03713901]\n",
      " [-0.84036276  0.73940417  0.0412605   0.54813539 -0.48210756]\n",
      " [ 1.00704645 -0.92206019 -0.03713901 -0.48210756  0.84468601]]\n",
      "2\n",
      "[[ 2.05199401 -1.60478569 -0.03032333 -0.84036276  1.00704645]\n",
      " [-1.60478569  1.39814434 -0.02190284  0.73940417 -0.92206019]\n",
      " [-0.03032333 -0.02190284  0.24516571  0.0412605  -0.03713901]\n",
      " [-0.84036276  0.73940417  0.0412605   0.54813539 -0.48210756]\n",
      " [ 1.00704645 -0.92206019 -0.03713901 -0.48210756  0.84468601]]\n",
      "[[ 2.05199401 -1.60478569 -0.03032333 -0.84036276  1.00704645]\n",
      " [-1.60478569  1.39814434 -0.02190284  0.73940417 -0.92206019]\n",
      " [-0.03032333 -0.02190284  0.24516571  0.0412605  -0.03713901]\n",
      " [-0.84036276  0.73940417  0.0412605   0.54813539 -0.48210756]\n",
      " [ 1.00704645 -0.92206019 -0.03713901 -0.48210756  0.84468601]]\n",
      "[[ 2.05199401 -1.60478569 -0.03032333 -0.84036276  1.00704645]\n",
      " [-1.60478569  1.39814434 -0.02190284  0.73940417 -0.92206019]\n",
      " [-0.03032333 -0.02190284  0.24516571  0.0412605  -0.03713901]\n",
      " [-0.84036276  0.73940417  0.0412605   0.54813539 -0.48210756]\n",
      " [ 1.00704645 -0.92206019 -0.03713901 -0.48210756  0.84468601]]\n",
      "[[ 2.05199401 -1.60478569 -0.03032333 -0.84036276  1.00704645]\n",
      " [-1.60478569  1.39814434 -0.02190284  0.73940417 -0.92206019]\n",
      " [-0.03032333 -0.02190284  0.24516571  0.0412605  -0.03713901]\n",
      " [-0.84036276  0.73940417  0.0412605   0.54813539 -0.48210756]\n",
      " [ 1.00704645 -0.92206019 -0.03713901 -0.48210756  0.84468601]]\n",
      "[[ 2.05199401 -1.60478569 -0.03032333 -0.84036276  1.00704645]\n",
      " [-1.60478569  1.39814434 -0.02190284  0.73940417 -0.92206019]\n",
      " [-0.03032333 -0.02190284  0.24516571  0.0412605  -0.03713901]\n",
      " [-0.84036276  0.73940417  0.0412605   0.54813539 -0.48210756]\n",
      " [ 1.00704645 -0.92206019 -0.03713901 -0.48210756  0.84468601]]\n",
      "[[ 2.05199401 -1.60478569 -0.03032333 -0.84036276  1.00704645]\n",
      " [-1.60478569  1.39814434 -0.02190284  0.73940417 -0.92206019]\n",
      " [-0.03032333 -0.02190284  0.24516571  0.0412605  -0.03713901]\n",
      " [-0.84036276  0.73940417  0.0412605   0.54813539 -0.48210756]\n",
      " [ 1.00704645 -0.92206019 -0.03713901 -0.48210756  0.84468601]]\n",
      "[[ 2.05199401 -1.60478569 -0.03032333 -0.84036276  1.00704645]\n",
      " [-1.60478569  1.39814434 -0.02190284  0.73940417 -0.92206019]\n",
      " [-0.03032333 -0.02190284  0.24516571  0.0412605  -0.03713901]\n",
      " [-0.84036276  0.73940417  0.0412605   0.54813539 -0.48210756]\n",
      " [ 1.00704645 -0.92206019 -0.03713901 -0.48210756  0.84468601]]\n",
      "[[ 2.05199401 -1.60478569 -0.03032333 -0.84036276  1.00704645]\n",
      " [-1.60478569  1.39814434 -0.02190284  0.73940417 -0.92206019]\n",
      " [-0.03032333 -0.02190284  0.24516571  0.0412605  -0.03713901]\n",
      " [-0.84036276  0.73940417  0.0412605   0.54813539 -0.48210756]\n",
      " [ 1.00704645 -0.92206019 -0.03713901 -0.48210756  0.84468601]]\n",
      "3\n",
      "[[ 2.05199401 -1.60478569 -0.03032333 -0.84036276  1.00704645]\n",
      " [-1.60478569  1.39814434 -0.02190284  0.73940417 -0.92206019]\n",
      " [-0.03032333 -0.02190284  0.24516571  0.0412605  -0.03713901]\n",
      " [-0.84036276  0.73940417  0.0412605   0.54813539 -0.48210756]\n",
      " [ 1.00704645 -0.92206019 -0.03713901 -0.48210756  0.84468601]]\n",
      "[[ 2.05199401 -1.60478569 -0.03032333 -0.84036276  1.00704645]\n",
      " [-1.60478569  1.39814434 -0.02190284  0.73940417 -0.92206019]\n",
      " [-0.03032333 -0.02190284  0.24516571  0.0412605  -0.03713901]\n",
      " [-0.84036276  0.73940417  0.0412605   0.54813539 -0.48210756]\n",
      " [ 1.00704645 -0.92206019 -0.03713901 -0.48210756  0.84468601]]\n",
      "[[ 2.05199401 -1.60478569 -0.03032333 -0.84036276  1.00704645]\n",
      " [-1.60478569  1.39814434 -0.02190284  0.73940417 -0.92206019]\n",
      " [-0.03032333 -0.02190284  0.24516571  0.0412605  -0.03713901]\n",
      " [-0.84036276  0.73940417  0.0412605   0.54813539 -0.48210756]\n",
      " [ 1.00704645 -0.92206019 -0.03713901 -0.48210756  0.84468601]]\n",
      "[[ 2.05199401 -1.60478569 -0.03032333 -0.84036276  1.00704645]\n",
      " [-1.60478569  1.39814434 -0.02190284  0.73940417 -0.92206019]\n",
      " [-0.03032333 -0.02190284  0.24516571  0.0412605  -0.03713901]\n",
      " [-0.84036276  0.73940417  0.0412605   0.54813539 -0.48210756]\n",
      " [ 1.00704645 -0.92206019 -0.03713901 -0.48210756  0.84468601]]\n",
      "[[ 2.05199401 -1.60478569 -0.03032333 -0.84036276  1.00704645]\n",
      " [-1.60478569  1.39814434 -0.02190284  0.73940417 -0.92206019]\n",
      " [-0.03032333 -0.02190284  0.24516571  0.0412605  -0.03713901]\n",
      " [-0.84036276  0.73940417  0.0412605   0.54813539 -0.48210756]\n",
      " [ 1.00704645 -0.92206019 -0.03713901 -0.48210756  0.84468601]]\n",
      "[[ 2.05199401 -1.60478569 -0.03032333 -0.84036276  1.00704645]\n",
      " [-1.60478569  1.39814434 -0.02190284  0.73940417 -0.92206019]\n",
      " [-0.03032333 -0.02190284  0.24516571  0.0412605  -0.03713901]\n",
      " [-0.84036276  0.73940417  0.0412605   0.54813539 -0.48210756]\n",
      " [ 1.00704645 -0.92206019 -0.03713901 -0.48210756  0.84468601]]\n",
      "[[ 2.05199401 -1.60478569 -0.03032333 -0.84036276  1.00704645]\n",
      " [-1.60478569  1.39814434 -0.02190284  0.73940417 -0.92206019]\n",
      " [-0.03032333 -0.02190284  0.24516571  0.0412605  -0.03713901]\n",
      " [-0.84036276  0.73940417  0.0412605   0.54813539 -0.48210756]\n",
      " [ 1.00704645 -0.92206019 -0.03713901 -0.48210756  0.84468601]]\n",
      "[[ 2.05199401 -1.60478569 -0.03032333 -0.84036276  1.00704645]\n",
      " [-1.60478569  1.39814434 -0.02190284  0.73940417 -0.92206019]\n",
      " [-0.03032333 -0.02190284  0.24516571  0.0412605  -0.03713901]\n",
      " [-0.84036276  0.73940417  0.0412605   0.54813539 -0.48210756]\n",
      " [ 1.00704645 -0.92206019 -0.03713901 -0.48210756  0.84468601]]\n",
      "4\n",
      "[[ 2.05199401 -1.60478569 -0.03032333 -0.84036276  1.00704645]\n",
      " [-1.60478569  1.39814434 -0.02190284  0.73940417 -0.92206019]\n",
      " [-0.03032333 -0.02190284  0.24516571  0.0412605  -0.03713901]\n",
      " [-0.84036276  0.73940417  0.0412605   0.54813539 -0.48210756]\n",
      " [ 1.00704645 -0.92206019 -0.03713901 -0.48210756  0.84468601]]\n",
      "[[ 2.05199401 -1.60478569 -0.03032333 -0.84036276  1.00704645]\n",
      " [-1.60478569  1.39814434 -0.02190284  0.73940417 -0.92206019]\n",
      " [-0.03032333 -0.02190284  0.24516571  0.0412605  -0.03713901]\n",
      " [-0.84036276  0.73940417  0.0412605   0.54813539 -0.48210756]\n",
      " [ 1.00704645 -0.92206019 -0.03713901 -0.48210756  0.84468601]]\n",
      "[[ 2.05199401 -1.60478569 -0.03032333 -0.84036276  1.00704645]\n",
      " [-1.60478569  1.39814434 -0.02190284  0.73940417 -0.92206019]\n",
      " [-0.03032333 -0.02190284  0.24516571  0.0412605  -0.03713901]\n",
      " [-0.84036276  0.73940417  0.0412605   0.54813539 -0.48210756]\n",
      " [ 1.00704645 -0.92206019 -0.03713901 -0.48210756  0.84468601]]\n",
      "[[ 2.05199401 -1.60478569 -0.03032333 -0.84036276  1.00704645]\n",
      " [-1.60478569  1.39814434 -0.02190284  0.73940417 -0.92206019]\n",
      " [-0.03032333 -0.02190284  0.24516571  0.0412605  -0.03713901]\n",
      " [-0.84036276  0.73940417  0.0412605   0.54813539 -0.48210756]\n",
      " [ 1.00704645 -0.92206019 -0.03713901 -0.48210756  0.84468601]]\n",
      "[[ 2.05199401 -1.60478569 -0.03032333 -0.84036276  1.00704645]\n",
      " [-1.60478569  1.39814434 -0.02190284  0.73940417 -0.92206019]\n",
      " [-0.03032333 -0.02190284  0.24516571  0.0412605  -0.03713901]\n",
      " [-0.84036276  0.73940417  0.0412605   0.54813539 -0.48210756]\n",
      " [ 1.00704645 -0.92206019 -0.03713901 -0.48210756  0.84468601]]\n",
      "[[ 2.05199401 -1.60478569 -0.03032333 -0.84036276  1.00704645]\n",
      " [-1.60478569  1.39814434 -0.02190284  0.73940417 -0.92206019]\n",
      " [-0.03032333 -0.02190284  0.24516571  0.0412605  -0.03713901]\n",
      " [-0.84036276  0.73940417  0.0412605   0.54813539 -0.48210756]\n",
      " [ 1.00704645 -0.92206019 -0.03713901 -0.48210756  0.84468601]]\n",
      "[[ 2.05199401 -1.60478569 -0.03032333 -0.84036276  1.00704645]\n",
      " [-1.60478569  1.39814434 -0.02190284  0.73940417 -0.92206019]\n",
      " [-0.03032333 -0.02190284  0.24516571  0.0412605  -0.03713901]\n",
      " [-0.84036276  0.73940417  0.0412605   0.54813539 -0.48210756]\n",
      " [ 1.00704645 -0.92206019 -0.03713901 -0.48210756  0.84468601]]\n",
      "[[ 2.05199401 -1.60478569 -0.03032333 -0.84036276  1.00704645]\n",
      " [-1.60478569  1.39814434 -0.02190284  0.73940417 -0.92206019]\n",
      " [-0.03032333 -0.02190284  0.24516571  0.0412605  -0.03713901]\n",
      " [-0.84036276  0.73940417  0.0412605   0.54813539 -0.48210756]\n",
      " [ 1.00704645 -0.92206019 -0.03713901 -0.48210756  0.84468601]]\n",
      "5\n",
      "[[ 2.05199401 -1.60478569 -0.03032333 -0.84036276  1.00704645]\n",
      " [-1.60478569  1.39814434 -0.02190284  0.73940417 -0.92206019]\n",
      " [-0.03032333 -0.02190284  0.24516571  0.0412605  -0.03713901]\n",
      " [-0.84036276  0.73940417  0.0412605   0.54813539 -0.48210756]\n",
      " [ 1.00704645 -0.92206019 -0.03713901 -0.48210756  0.84468601]]\n",
      "[[ 2.05199401 -1.60478569 -0.03032333 -0.84036276  1.00704645]\n",
      " [-1.60478569  1.39814434 -0.02190284  0.73940417 -0.92206019]\n",
      " [-0.03032333 -0.02190284  0.24516571  0.0412605  -0.03713901]\n",
      " [-0.84036276  0.73940417  0.0412605   0.54813539 -0.48210756]\n",
      " [ 1.00704645 -0.92206019 -0.03713901 -0.48210756  0.84468601]]\n"
     ]
    },
    {
     "name": "stdout",
     "output_type": "stream",
     "text": [
      "[[ 2.05199401 -1.60478569 -0.03032333 -0.84036276  1.00704645]\n",
      " [-1.60478569  1.39814434 -0.02190284  0.73940417 -0.92206019]\n",
      " [-0.03032333 -0.02190284  0.24516571  0.0412605  -0.03713901]\n",
      " [-0.84036276  0.73940417  0.0412605   0.54813539 -0.48210756]\n",
      " [ 1.00704645 -0.92206019 -0.03713901 -0.48210756  0.84468601]]\n",
      "[[ 2.05199401 -1.60478569 -0.03032333 -0.84036276  1.00704645]\n",
      " [-1.60478569  1.39814434 -0.02190284  0.73940417 -0.92206019]\n",
      " [-0.03032333 -0.02190284  0.24516571  0.0412605  -0.03713901]\n",
      " [-0.84036276  0.73940417  0.0412605   0.54813539 -0.48210756]\n",
      " [ 1.00704645 -0.92206019 -0.03713901 -0.48210756  0.84468601]]\n",
      "[[ 2.05199401 -1.60478569 -0.03032333 -0.84036276  1.00704645]\n",
      " [-1.60478569  1.39814434 -0.02190284  0.73940417 -0.92206019]\n",
      " [-0.03032333 -0.02190284  0.24516571  0.0412605  -0.03713901]\n",
      " [-0.84036276  0.73940417  0.0412605   0.54813539 -0.48210756]\n",
      " [ 1.00704645 -0.92206019 -0.03713901 -0.48210756  0.84468601]]\n",
      "[[ 2.05199401 -1.60478569 -0.03032333 -0.84036276  1.00704645]\n",
      " [-1.60478569  1.39814434 -0.02190284  0.73940417 -0.92206019]\n",
      " [-0.03032333 -0.02190284  0.24516571  0.0412605  -0.03713901]\n",
      " [-0.84036276  0.73940417  0.0412605   0.54813539 -0.48210756]\n",
      " [ 1.00704645 -0.92206019 -0.03713901 -0.48210756  0.84468601]]\n",
      "[[ 2.05199401 -1.60478569 -0.03032333 -0.84036276  1.00704645]\n",
      " [-1.60478569  1.39814434 -0.02190284  0.73940417 -0.92206019]\n",
      " [-0.03032333 -0.02190284  0.24516571  0.0412605  -0.03713901]\n",
      " [-0.84036276  0.73940417  0.0412605   0.54813539 -0.48210756]\n",
      " [ 1.00704645 -0.92206019 -0.03713901 -0.48210756  0.84468601]]\n",
      "[[ 2.05199401 -1.60478569 -0.03032333 -0.84036276  1.00704645]\n",
      " [-1.60478569  1.39814434 -0.02190284  0.73940417 -0.92206019]\n",
      " [-0.03032333 -0.02190284  0.24516571  0.0412605  -0.03713901]\n",
      " [-0.84036276  0.73940417  0.0412605   0.54813539 -0.48210756]\n",
      " [ 1.00704645 -0.92206019 -0.03713901 -0.48210756  0.84468601]]\n",
      "6\n",
      "[[ 2.05199401 -1.60478569 -0.03032333 -0.84036276  1.00704645]\n",
      " [-1.60478569  1.39814434 -0.02190284  0.73940417 -0.92206019]\n",
      " [-0.03032333 -0.02190284  0.24516571  0.0412605  -0.03713901]\n",
      " [-0.84036276  0.73940417  0.0412605   0.54813539 -0.48210756]\n",
      " [ 1.00704645 -0.92206019 -0.03713901 -0.48210756  0.84468601]]\n",
      "[[ 2.05199401 -1.60478569 -0.03032333 -0.84036276  1.00704645]\n",
      " [-1.60478569  1.39814434 -0.02190284  0.73940417 -0.92206019]\n",
      " [-0.03032333 -0.02190284  0.24516571  0.0412605  -0.03713901]\n",
      " [-0.84036276  0.73940417  0.0412605   0.54813539 -0.48210756]\n",
      " [ 1.00704645 -0.92206019 -0.03713901 -0.48210756  0.84468601]]\n",
      "[[ 2.05199401 -1.60478569 -0.03032333 -0.84036276  1.00704645]\n",
      " [-1.60478569  1.39814434 -0.02190284  0.73940417 -0.92206019]\n",
      " [-0.03032333 -0.02190284  0.24516571  0.0412605  -0.03713901]\n",
      " [-0.84036276  0.73940417  0.0412605   0.54813539 -0.48210756]\n",
      " [ 1.00704645 -0.92206019 -0.03713901 -0.48210756  0.84468601]]\n",
      "[[ 2.05199401 -1.60478569 -0.03032333 -0.84036276  1.00704645]\n",
      " [-1.60478569  1.39814434 -0.02190284  0.73940417 -0.92206019]\n",
      " [-0.03032333 -0.02190284  0.24516571  0.0412605  -0.03713901]\n",
      " [-0.84036276  0.73940417  0.0412605   0.54813539 -0.48210756]\n",
      " [ 1.00704645 -0.92206019 -0.03713901 -0.48210756  0.84468601]]\n",
      "[[ 2.05199401 -1.60478569 -0.03032333 -0.84036276  1.00704645]\n",
      " [-1.60478569  1.39814434 -0.02190284  0.73940417 -0.92206019]\n",
      " [-0.03032333 -0.02190284  0.24516571  0.0412605  -0.03713901]\n",
      " [-0.84036276  0.73940417  0.0412605   0.54813539 -0.48210756]\n",
      " [ 1.00704645 -0.92206019 -0.03713901 -0.48210756  0.84468601]]\n",
      "[[ 2.05199401 -1.60478569 -0.03032333 -0.84036276  1.00704645]\n",
      " [-1.60478569  1.39814434 -0.02190284  0.73940417 -0.92206019]\n",
      " [-0.03032333 -0.02190284  0.24516571  0.0412605  -0.03713901]\n",
      " [-0.84036276  0.73940417  0.0412605   0.54813539 -0.48210756]\n",
      " [ 1.00704645 -0.92206019 -0.03713901 -0.48210756  0.84468601]]\n",
      "[[ 2.05199401 -1.60478569 -0.03032333 -0.84036276  1.00704645]\n",
      " [-1.60478569  1.39814434 -0.02190284  0.73940417 -0.92206019]\n",
      " [-0.03032333 -0.02190284  0.24516571  0.0412605  -0.03713901]\n",
      " [-0.84036276  0.73940417  0.0412605   0.54813539 -0.48210756]\n",
      " [ 1.00704645 -0.92206019 -0.03713901 -0.48210756  0.84468601]]\n",
      "[[ 2.05199401 -1.60478569 -0.03032333 -0.84036276  1.00704645]\n",
      " [-1.60478569  1.39814434 -0.02190284  0.73940417 -0.92206019]\n",
      " [-0.03032333 -0.02190284  0.24516571  0.0412605  -0.03713901]\n",
      " [-0.84036276  0.73940417  0.0412605   0.54813539 -0.48210756]\n",
      " [ 1.00704645 -0.92206019 -0.03713901 -0.48210756  0.84468601]]\n",
      "7\n",
      "[[ 2.05199401 -1.60478569 -0.03032333 -0.84036276  1.00704645]\n",
      " [-1.60478569  1.39814434 -0.02190284  0.73940417 -0.92206019]\n",
      " [-0.03032333 -0.02190284  0.24516571  0.0412605  -0.03713901]\n",
      " [-0.84036276  0.73940417  0.0412605   0.54813539 -0.48210756]\n",
      " [ 1.00704645 -0.92206019 -0.03713901 -0.48210756  0.84468601]]\n",
      "[[ 2.05199401 -1.60478569 -0.03032333 -0.84036276  1.00704645]\n",
      " [-1.60478569  1.39814434 -0.02190284  0.73940417 -0.92206019]\n",
      " [-0.03032333 -0.02190284  0.24516571  0.0412605  -0.03713901]\n",
      " [-0.84036276  0.73940417  0.0412605   0.54813539 -0.48210756]\n",
      " [ 1.00704645 -0.92206019 -0.03713901 -0.48210756  0.84468601]]\n",
      "[[ 2.05199401 -1.60478569 -0.03032333 -0.84036276  1.00704645]\n",
      " [-1.60478569  1.39814434 -0.02190284  0.73940417 -0.92206019]\n",
      " [-0.03032333 -0.02190284  0.24516571  0.0412605  -0.03713901]\n",
      " [-0.84036276  0.73940417  0.0412605   0.54813539 -0.48210756]\n",
      " [ 1.00704645 -0.92206019 -0.03713901 -0.48210756  0.84468601]]\n",
      "[[ 2.05199401 -1.60478569 -0.03032333 -0.84036276  1.00704645]\n",
      " [-1.60478569  1.39814434 -0.02190284  0.73940417 -0.92206019]\n",
      " [-0.03032333 -0.02190284  0.24516571  0.0412605  -0.03713901]\n",
      " [-0.84036276  0.73940417  0.0412605   0.54813539 -0.48210756]\n",
      " [ 1.00704645 -0.92206019 -0.03713901 -0.48210756  0.84468601]]\n",
      "[[ 2.05199401 -1.60478569 -0.03032333 -0.84036276  1.00704645]\n",
      " [-1.60478569  1.39814434 -0.02190284  0.73940417 -0.92206019]\n",
      " [-0.03032333 -0.02190284  0.24516571  0.0412605  -0.03713901]\n",
      " [-0.84036276  0.73940417  0.0412605   0.54813539 -0.48210756]\n",
      " [ 1.00704645 -0.92206019 -0.03713901 -0.48210756  0.84468601]]\n",
      "[[ 2.05199401 -1.60478569 -0.03032333 -0.84036276  1.00704645]\n",
      " [-1.60478569  1.39814434 -0.02190284  0.73940417 -0.92206019]\n",
      " [-0.03032333 -0.02190284  0.24516571  0.0412605  -0.03713901]\n",
      " [-0.84036276  0.73940417  0.0412605   0.54813539 -0.48210756]\n",
      " [ 1.00704645 -0.92206019 -0.03713901 -0.48210756  0.84468601]]\n",
      "[[ 2.05199401 -1.60478569 -0.03032333 -0.84036276  1.00704645]\n",
      " [-1.60478569  1.39814434 -0.02190284  0.73940417 -0.92206019]\n",
      " [-0.03032333 -0.02190284  0.24516571  0.0412605  -0.03713901]\n",
      " [-0.84036276  0.73940417  0.0412605   0.54813539 -0.48210756]\n",
      " [ 1.00704645 -0.92206019 -0.03713901 -0.48210756  0.84468601]]\n",
      "[[ 2.05199401 -1.60478569 -0.03032333 -0.84036276  1.00704645]\n",
      " [-1.60478569  1.39814434 -0.02190284  0.73940417 -0.92206019]\n",
      " [-0.03032333 -0.02190284  0.24516571  0.0412605  -0.03713901]\n",
      " [-0.84036276  0.73940417  0.0412605   0.54813539 -0.48210756]\n",
      " [ 1.00704645 -0.92206019 -0.03713901 -0.48210756  0.84468601]]\n",
      "8\n",
      "[[ 2.05199401 -1.60478569 -0.03032333 -0.84036276  1.00704645]\n",
      " [-1.60478569  1.39814434 -0.02190284  0.73940417 -0.92206019]\n",
      " [-0.03032333 -0.02190284  0.24516571  0.0412605  -0.03713901]\n",
      " [-0.84036276  0.73940417  0.0412605   0.54813539 -0.48210756]\n",
      " [ 1.00704645 -0.92206019 -0.03713901 -0.48210756  0.84468601]]\n",
      "[[ 2.05199401 -1.60478569 -0.03032333 -0.84036276  1.00704645]\n",
      " [-1.60478569  1.39814434 -0.02190284  0.73940417 -0.92206019]\n",
      " [-0.03032333 -0.02190284  0.24516571  0.0412605  -0.03713901]\n",
      " [-0.84036276  0.73940417  0.0412605   0.54813539 -0.48210756]\n",
      " [ 1.00704645 -0.92206019 -0.03713901 -0.48210756  0.84468601]]\n",
      "[[ 2.05199401 -1.60478569 -0.03032333 -0.84036276  1.00704645]\n",
      " [-1.60478569  1.39814434 -0.02190284  0.73940417 -0.92206019]\n",
      " [-0.03032333 -0.02190284  0.24516571  0.0412605  -0.03713901]\n",
      " [-0.84036276  0.73940417  0.0412605   0.54813539 -0.48210756]\n",
      " [ 1.00704645 -0.92206019 -0.03713901 -0.48210756  0.84468601]]\n",
      "[[ 2.05199401 -1.60478569 -0.03032333 -0.84036276  1.00704645]\n",
      " [-1.60478569  1.39814434 -0.02190284  0.73940417 -0.92206019]\n",
      " [-0.03032333 -0.02190284  0.24516571  0.0412605  -0.03713901]\n",
      " [-0.84036276  0.73940417  0.0412605   0.54813539 -0.48210756]\n",
      " [ 1.00704645 -0.92206019 -0.03713901 -0.48210756  0.84468601]]\n"
     ]
    },
    {
     "name": "stdout",
     "output_type": "stream",
     "text": [
      "[[ 2.05199401 -1.60478569 -0.03032333 -0.84036276  1.00704645]\n",
      " [-1.60478569  1.39814434 -0.02190284  0.73940417 -0.92206019]\n",
      " [-0.03032333 -0.02190284  0.24516571  0.0412605  -0.03713901]\n",
      " [-0.84036276  0.73940417  0.0412605   0.54813539 -0.48210756]\n",
      " [ 1.00704645 -0.92206019 -0.03713901 -0.48210756  0.84468601]]\n",
      "[[ 2.05199401 -1.60478569 -0.03032333 -0.84036276  1.00704645]\n",
      " [-1.60478569  1.39814434 -0.02190284  0.73940417 -0.92206019]\n",
      " [-0.03032333 -0.02190284  0.24516571  0.0412605  -0.03713901]\n",
      " [-0.84036276  0.73940417  0.0412605   0.54813539 -0.48210756]\n",
      " [ 1.00704645 -0.92206019 -0.03713901 -0.48210756  0.84468601]]\n",
      "[[ 2.05199401 -1.60478569 -0.03032333 -0.84036276  1.00704645]\n",
      " [-1.60478569  1.39814434 -0.02190284  0.73940417 -0.92206019]\n",
      " [-0.03032333 -0.02190284  0.24516571  0.0412605  -0.03713901]\n",
      " [-0.84036276  0.73940417  0.0412605   0.54813539 -0.48210756]\n",
      " [ 1.00704645 -0.92206019 -0.03713901 -0.48210756  0.84468601]]\n",
      "[[ 2.05199401 -1.60478569 -0.03032333 -0.84036276  1.00704645]\n",
      " [-1.60478569  1.39814434 -0.02190284  0.73940417 -0.92206019]\n",
      " [-0.03032333 -0.02190284  0.24516571  0.0412605  -0.03713901]\n",
      " [-0.84036276  0.73940417  0.0412605   0.54813539 -0.48210756]\n",
      " [ 1.00704645 -0.92206019 -0.03713901 -0.48210756  0.84468601]]\n",
      "9\n",
      "[[ 2.05199401 -1.60478569 -0.03032333 -0.84036276  1.00704645]\n",
      " [-1.60478569  1.39814434 -0.02190284  0.73940417 -0.92206019]\n",
      " [-0.03032333 -0.02190284  0.24516571  0.0412605  -0.03713901]\n",
      " [-0.84036276  0.73940417  0.0412605   0.54813539 -0.48210756]\n",
      " [ 1.00704645 -0.92206019 -0.03713901 -0.48210756  0.84468601]]\n",
      "[[ 2.05199401 -1.60478569 -0.03032333 -0.84036276  1.00704645]\n",
      " [-1.60478569  1.39814434 -0.02190284  0.73940417 -0.92206019]\n",
      " [-0.03032333 -0.02190284  0.24516571  0.0412605  -0.03713901]\n",
      " [-0.84036276  0.73940417  0.0412605   0.54813539 -0.48210756]\n",
      " [ 1.00704645 -0.92206019 -0.03713901 -0.48210756  0.84468601]]\n",
      "[[ 2.05199401 -1.60478569 -0.03032333 -0.84036276  1.00704645]\n",
      " [-1.60478569  1.39814434 -0.02190284  0.73940417 -0.92206019]\n",
      " [-0.03032333 -0.02190284  0.24516571  0.0412605  -0.03713901]\n",
      " [-0.84036276  0.73940417  0.0412605   0.54813539 -0.48210756]\n",
      " [ 1.00704645 -0.92206019 -0.03713901 -0.48210756  0.84468601]]\n",
      "[[ 2.05199401 -1.60478569 -0.03032333 -0.84036276  1.00704645]\n",
      " [-1.60478569  1.39814434 -0.02190284  0.73940417 -0.92206019]\n",
      " [-0.03032333 -0.02190284  0.24516571  0.0412605  -0.03713901]\n",
      " [-0.84036276  0.73940417  0.0412605   0.54813539 -0.48210756]\n",
      " [ 1.00704645 -0.92206019 -0.03713901 -0.48210756  0.84468601]]\n",
      "[[ 2.05199401 -1.60478569 -0.03032333 -0.84036276  1.00704645]\n",
      " [-1.60478569  1.39814434 -0.02190284  0.73940417 -0.92206019]\n",
      " [-0.03032333 -0.02190284  0.24516571  0.0412605  -0.03713901]\n",
      " [-0.84036276  0.73940417  0.0412605   0.54813539 -0.48210756]\n",
      " [ 1.00704645 -0.92206019 -0.03713901 -0.48210756  0.84468601]]\n",
      "[[ 2.05199401 -1.60478569 -0.03032333 -0.84036276  1.00704645]\n",
      " [-1.60478569  1.39814434 -0.02190284  0.73940417 -0.92206019]\n",
      " [-0.03032333 -0.02190284  0.24516571  0.0412605  -0.03713901]\n",
      " [-0.84036276  0.73940417  0.0412605   0.54813539 -0.48210756]\n",
      " [ 1.00704645 -0.92206019 -0.03713901 -0.48210756  0.84468601]]\n",
      "[[ 2.05199401 -1.60478569 -0.03032333 -0.84036276  1.00704645]\n",
      " [-1.60478569  1.39814434 -0.02190284  0.73940417 -0.92206019]\n",
      " [-0.03032333 -0.02190284  0.24516571  0.0412605  -0.03713901]\n",
      " [-0.84036276  0.73940417  0.0412605   0.54813539 -0.48210756]\n",
      " [ 1.00704645 -0.92206019 -0.03713901 -0.48210756  0.84468601]]\n",
      "[[ 2.05199401 -1.60478569 -0.03032333 -0.84036276  1.00704645]\n",
      " [-1.60478569  1.39814434 -0.02190284  0.73940417 -0.92206019]\n",
      " [-0.03032333 -0.02190284  0.24516571  0.0412605  -0.03713901]\n",
      " [-0.84036276  0.73940417  0.0412605   0.54813539 -0.48210756]\n",
      " [ 1.00704645 -0.92206019 -0.03713901 -0.48210756  0.84468601]]\n",
      "10\n"
     ]
    },
    {
     "data": {
